0 0 15.018 21.23866 8.485281 0
0 0 15.018 21.23866 8.485281 0
0 0 15.018 21.23866 8.485281 0
0 0 15.018 21.23866 8.485281 0
0 0 15.018 21.23866 8.485281 0
0 0 15.018 21.23866 8.485281 0
0 0 15.018 21.23866 8.485281 0
0 0 15.018 21.23866 8.485281 0
0 0 15.018 21.23866 8.485281 0
1.14831 -0.02147958 14.045 20.63214 9.006055 6.484168
2.28089 -0.09310016 12.95041 19.93165 9.760327 6.372551
3.409919 -0.2122029 11.87175 19.02703 10.55598 3.097448
4.552492 -0.3572801 10.74261 17.4652 11.01888 0.7925429
5.700537 -0.5096621 9.593105 15.65989 11.33529 0.2691026
6.840998 -0.6656274 8.446137 13.89032 10.47708 5.9168
7.874382 -0.8636414 7.517537 13.51244 8.763015 12.93727
8.820193 -1.154072 6.763091 13.85454 7.303054 14.3302
9.551105 -1.539315 6.353774 16.25651 6.208683 27.39205
9.796767 -2.040049 7.105595 26.68522 5.871744 31.03875
9.86531 -2.621321 8.451313 25.39746 6.022799 24.17673
10.01231 -3.447413 10.09456 24.51684 6.23601 15.78124
10.2157 -4.374417 11.563 23.81208 6.362918 11.85455
10.41538 -5.360902 13.07639 23.13338 6.471487 9.887546
10.59103 -6.388003 14.79901 22.44353 6.595055 8.616127
10.73764 -7.446766 16.84338 21.72679 6.743177 7.696203
10.85196 -8.530354 19.36005 20.97544 6.923265 7.052865
10.92882 -9.627292 18.37654 20.18501 7.149479 6.663894
10.96325 -10.74655 16.98882 19.37057 7.437101 6.483398
10.94987 -11.86878 15.65235 18.52797 7.808837 6.434222
10.88514 -13.00651 14.36813 17.6675 8.280552 6.471979
10.76526 -14.1498 13.12241 16.78739 8.877419 6.615393
10.58519 -15.29596 11.90859 15.89171 9.636381 6.817333
10.41117 -16.29037 10.90224 15.07284 10.36524 4.881614
10.31084 -17.44194 9.741874 13.75869 10.84001 1.745484
10.26259 -18.44745 8.736473 12.43952 11.03599 1.023704
10.17652 -19.60596 7.578011 10.87658 10.56189 5.593062
9.594351 -20.73486 6.48517 10.11798 8.38681 14.34285
8.778245 -21.83117 5.4998 9.706079 6.488837 22.23054
7.214485 -22.72614 5.075021 12.66279 5.007759 38.33532
5.516926 -23.50141 5.31527 31.54891 4.266769 38.13525
3.874873 -24.15169 6.414238 31.95563 4.071195 36.03974
2.393411 -24.67344 8.855664 31.45943 4.240439 26.31455
1.082638 -25.08335 12.27721 18.25576 4.446847 17.11649
-0.1624974 -25.37897 18.09235 15.003 4.725797 15.98873
-1.36517 -25.55861 26.01528 12.71117 5.245595 15.8868
-2.51769 -25.62197 24.66505 10.98404 6.055233 13.47071
-3.650815 -25.58817 23.56833 9.975632 6.847903 7.273831
-4.776988 -25.49419 22.52929 9.308717 7.57286 6.445518
-5.887907 -25.35007 21.54117 8.669638 8.445689 6.400025
-7.044352 -25.18455 20.3643 8.51944 8.629772 -6.399298
-8.202779 -25.04 19.14111 8.526505 8.571116 -6.399226
-9.3523 -24.91254 17.93271 8.553229 8.499063 6.400321
-10.49149 -24.78983 16.83094 27.03871 8.970544 6.393614
-11.59167 -24.62552 15.82852 26.74267 9.975676 5.775447
-12.70862 -24.41963 14.77779 25.77528 10.83608 1.263376
-13.84354 -24.20052 13.64023 23.92463 11.31812 0.2039735
-14.98282 -23.97908 12.48156 21.91345 11.73065 0.03837455
-16.12018 -23.75774 11.32466 19.886 12.12937 0.007806832
-17.25772 -23.5363 10.16513 17.85065 12.03318 0.01345885
-18.23544 -23.34476 9.175287 16.14376 10.84723 1.877977
-19.27348 -23.10002 8.217048 15.46675 9.306453 11.64048
-20.21205 -22.7773 7.486395 15.98842 7.913956 13.01766
-21.0449 -22.36385 6.935032 17.64534 6.791132 16.14007
-21.54579 -21.86157 7.050776 26.77648 6.126351 27.46071
-21.72957 -21.22224 8.213091 49.37837 6.089916 24.16516
-21.90168 -20.42559 9.691412 48.45158 6.239179 16.79473
-22.11649 -19.52238 11.08226 30.89102 6.34821 12.56505
-22.32936 -18.55426 12.50321 22.0811 6.441931 10.38306
-22.51864 -17.54106 14.10313 17.88353 6.551034 9.00688
-22.67848 -16.4946 15.99032 15.3604 6.685384 8.002131
-22.80672 -15.42191 18.29322 13.62857 6.850437 7.265963
-22.89973 -14.3288 21.20608 12.3202 7.054653 6.787146
-22.95216 -13.21947 25.13993 11.22933 7.315422 6.533049
-22.95874 -12.09294 30.82474 10.25339 7.651393 6.432753
-22.91614 -10.96113 38.72303 9.345431 8.077045 6.40526
-22.89682 -9.823919 37.31256 8.473483 8.610468 -6.399755
-23.00051 -8.680254 36.12944 8.543089 8.544459 -6.399054
-23.02549 -7.535124 34.95313 8.616762 8.47593 6.399731
-23.10919 -6.387094 33.77188 8.655568 8.433289 6.400146
-23.20839 -5.389169 32.74165 8.503736 8.537422 -6.399456
-23.20557 -4.241579 31.55652 8.545022 8.495481 6.399538
-23.26536 -3.093251 30.38066 8.543794 8.487668 6.399615
-23.31944 -1.944321 29.21475 8.542759 8.480898 6.399682
-23.36734 -0.7943222 28.05136 8.534466 8.481065 6.39968
-23.4043 0.3627259 26.88699 8.504089 8.500773 6.399486
-23.50785 1.507337 25.72288 8.453567 8.539359 -6.399949
-23.53764 2.656035 24.56186 8.419152 8.565836 -6.400284
-23.56471 3.811218 23.40224 8.37955 8.59832 -6.400678
-23.58862 4.957903 22.25414 8.619715 8.385852 6.400614
-23.59826 6.117301 21.09821 8.551308 8.441888 6.400062
-23.68406 7.267527 19.93926 8.476238 8.506089 -6.399727
-23.69341 8.412296 18.78178 8.421676 8.554041 -6.400493
-23.54324 9.565659 17.6208 24.54805 8.884893 6.394229
-23.27876 10.71758 16.47256 23.95605 9.840727 6.028088
-23.06343 11.872 15.34193 23.03651 10.6603 2.170088
-22.94251 13.03529 14.19302 21.52026 11.00561 0.6926016
-22.84484 14.18587 13.03009 19.82895 11.21684 0.3117401
-22.75295 15.34404 11.87377 18.10084 11.38599 0.1657868
-22.66356 16.50228 10.72043 16.35849 11.53813 0.09865168
-22.57559 17.65614 9.561476 14.59881 11.68322 0.06418411
-22.4796 18.81216 8.400354 12.83761 11.05515 1.007213
-22.00292 19.94971 7.308842 11.81556 9.186163 13.22073
-21.25062 21.05582 6.337663 11.50142 7.342224 14.76278
-20.04967 22.06031 5.63126 12.73031 5.794299 35.25771
-18.37196 22.87578 5.740995 24.82434 4.853123 37.43418
-16.73014 23.56716 6.640237 68.82453 4.506349 35.41183
-15.21534 24.14225 8.644271 30.70864 4.553884 27.28792
-13.87621 24.60538 11.49295 19.74053 4.700776 18.03639
-12.61306 24.95593 15.78578 15.79049 4.906277 16.00933
-11.38959 25.19179 25.90308 13.24168 5.317358 15.84761
-10.21465 25.31245 61.53308 11.36492 5.992099 13.93298
-9.065568 25.33415 60.2499 10.24125 6.697345 7.922342
-7.923475 25.29104 59.20448 9.554032 7.316327 6.53255
-6.795325 25.19657 58.28528 8.927937 8.039021 6.406248
-5.66621 25.0591 57.26947 8.55482 8.534164 6.399147
-4.5077 24.92617 56.06988 8.446294 8.65731 -6.400019
-3.350043 24.81004 54.79309 8.487159 8.567754 -6.39962
-2.197875 24.71079 53.53915 8.557191 8.455287 6.399932
-1.044989 24.62303 52.36018 8.513096 8.498078 6.399512
0.1179544 24.54407 51.17617 8.477817 8.530677 -6.399712
1.272569 24.4767 50.00581 8.45859 8.545068 -6.399899
2.419824 24.41728 48.83184 8.452449 8.544926 -6.39996
3.573196 24.36596 47.66427 8.441704 8.551796 -6.400064
4.726847 24.321 46.49697 8.447398 8.540573 -6.400009
5.881174 24.2808 45.33122 8.464228 8.517972 -6.399845
7.032077 24.24576 44.16766 8.489581 8.487476 6.399617
8.185982 24.21573 43.00682 8.518698 8.454528 6.399939
9.348246 24.18834 41.84778 8.555513 8.41494 6.400325
10.49348 24.1658 40.70065 8.446203 8.530399 -6.40002
11.64582 24.14426 39.54161 8.491063 8.481513 6.399676
12.80012 24.1278 38.38147 8.543755 8.426473 6.400212
13.95319 24.11219 37.23544 8.440679 8.53371 -6.400074
15.1064 24.09729 36.07838 8.496918 8.474285 6.399746
16.26184 24.0818 34.92818 8.41032 8.564659 -6.400371
17.41889 24.0739 33.77162 8.468555 8.503155 -6.399803
18.56927 24.0672 32.61675 8.541906 8.428388 6.400194
19.71934 24.05918 31.46537 8.445085 8.527146 -6.400031
20.87312 24.05192 30.31039 8.515079 8.455379 6.399931
22.02577 24.04375 29.15622 8.425671 8.546902 -6.40022
23.18068 24.03625 28.00404 8.486502 8.484187 6.39965
24.33526 24.03361 26.85058 8.559487 8.411427 6.40036
25.48544 24.03177 25.69758 8.477155 8.49363 -6.399718
26.63867 24.03088 24.54412 8.552008 8.418826 6.400287
27.79537 24.02899 23.39108 8.477271 8.493488 -6.399717
28.94941 24.02878 22.23767 8.557054 8.413918 6.400335
30.09846 24.027 21.081 8.470748 8.500091 -6.399781
31.25153 24.02567 19.93115 8.531228 8.439409 6.400086
32.24629 24.02353 18.94015 8.534378 8.436319 6.400301
33.39545 24.02053 17.78454 25.29136 8.52576 6.400249
34.53703 23.98602 16.6612 24.76804 9.155057 6.382427
35.66854 23.90217 15.5829 24.24812 9.928261 5.885552
36.80501 23.77453 14.50784 23.35878 10.64823 2.25615
37.94534 23.62796 13.37441 21.76071 11.05533 0.5820442
39.09809 23.475 12.22225 19.94462 11.35376 0.1852229
40.24216 23.32172 11.06489 18.07372 11.62366 0.06647527
41.39118 23.16725 9.906046 16.18672 11.8845 0.02612889
42.538 23.01226 8.749517 14.31879 10.89385 1.721581
43.60434 22.83258 7.748003 13.5299 9.206766 12.5051
44.57544 22.56717 6.949667 13.71163 7.659147 13.85384
45.40249 22.20638 6.379096 15.01477 6.447712 22.03224
45.7611 21.74323 6.79698 26.14943 5.888481 31.79148
45.85334 21.10521 8.238425 49.18425 5.992483 25.41908
45.98839 20.29684 9.904435 48.39217 6.215948 16.53095
46.18993 19.37588 11.38354 28.01055 6.349558 12.18833
46.39135 18.39767 12.87782 20.76575 6.45749 10.08193
46.57045 17.375 14.56555 17.10764 6.578237 8.75417
46.72127 16.31676 16.56264 14.838 6.72291 7.796513
46.83921 15.24187 19.01862 13.241 6.899122 7.117333
46.92162 14.13908 22.16214 12.00717 7.117357 6.700312
46.96144 13.03078 26.47984 10.95649 7.396764 6.494919
46.95462 11.90385 32.83435 10.00353 7.755555 6.421136
46.89817 10.76874 38.44378 9.103278 8.211319 6.402704
46.93773 9.625801 37.1081 8.537442 8.560101 -6.399113
46.96654 8.480844 35.93088 8.60728 8.493862 6.399554
47.06295 7.337007 34.75508 8.68207 8.424463 6.400232
47.14531 6.190523 33.53326 8.42497 8.60382 -6.400227
47.21661 5.04319 32.36109 8.447017 8.577576 -6.400012
47.27821 3.895163 31.18976 8.448265 8.568567 -6.4
47.33338 2.746511 30.01771 8.445471 8.563899 -6.400027
47.38464 1.594781 28.85486 8.435552 8.566244 -6.400124
47.42701 0.4473347 27.69028 8.416722 8.577211 -6.400308
47.46511 -0.7043743 26.52722 8.389304 8.596729 -6.400579
47.49811 -1.852756 25.38568 8.63822 8.38211 6.400652
47.52308 -3.006556 24.22268 8.590743 8.417052 6.400305
47.54428 -4.155437 23.06103 8.534253 8.461525 6.399871
47.63749 -5.306366 21.90082 8.483833 8.502729 -6.399653
47.60509 -6.319103 20.88626 8.535521 8.454882 6.399936
47.69044 -7.472951 19.72736 8.47308 8.508355 -6.399758
47.69543 -8.622679 18.57062 8.401036 8.572676 -6.400783
47.5461 -9.774198 17.41034 24.28766 8.898565 6.394238
47.27987 -10.9284 16.26395 23.68473 9.857879 6.003428
47.06641 -12.08206 15.12962 22.74014 10.672 2.102246
46.94631 -13.23907 13.98327 21.21719 11.01189 0.678414
46.8477 -14.39587 12.82391 19.5275 11.22212 0.3073323
46.75538 -15.55251 11.66947 17.80023 11.39162 0.1643957
46.66551 -16.70904 10.51072 16.04825 11.54542 0.09833125
46.57668 -17.86555 9.351609 14.28705 11.6916 0.0642722
46.46043 -19.02171 8.19385 12.54827 10.764 2.917744
45.89204 -20.15153 7.122818 11.74963 8.815401 13.53659
45.10761 -21.25348 6.173552 11.49437 7.038436 15.5943
43.76609 -22.21557 5.602241 13.72491 5.568647 36.71621
42.08829 -23.00648 5.842891 22.81102 4.753548 37.26777
40.45021 -23.6811 6.92686 20.47526 4.49544 34.52858
38.97613 -24.23313 9.127677 19.33234 4.583919 25.07687
37.66258 -24.67458 12.11083 18.69022 4.731313 17.26426
36.40747 -25.00458 16.21432 18.19686 4.966994 15.9862
35.19092 -25.21961 14.57317 17.92727 5.426549 15.90161
34.02111 -25.31927 13.22148 17.863 6.152716 13.04216
32.87285 -25.32391 12.06009 17.44306 6.855374 7.851985
31.74227 -25.26471 10.95891 16.7249 7.561461 7.661561
30.78553 -25.166 10.05742 16.16379 8.367636 8.579592
29.71286 -24.99024 9.085298 15.72689 9.706744 9.761661
28.68801 -24.74368 8.192527 15.49592 9.251616 11.70145
27.75662 -24.41787 7.4661 16.05331 7.866243 13.05523
26.92874 -23.99935 6.925434 17.8026 6.755198 16.48656
26.44443 -23.49104 7.083683 27.64075 6.117503 27.53389
26.2845 -22.93938 8.086909 39.14581 6.080116 24.79492
26.11667 -22.1552 9.561663 38.12574 6.227439 17.33663
25.90355 -21.2594 10.96029 32.19146 6.340033 12.82812
25.68918 -20.29615 12.36941 22.60798 6.433197 10.53488
25.49741 -19.28668 13.9482 18.17373 6.540256 9.112606
25.33454 -18.24113 15.80488 15.54812 6.672105 8.081248
25.20334 -17.17027 18.05862 13.76693 6.833735 7.323038
25.10713 -16.08062 32.88255 12.42594 7.03444 6.819949
25.05077 -14.97202 31.27986 11.32341 7.288691 6.548614
25.03985 -13.85006 29.77644 10.34168 7.616229 6.437957
25.07777 -12.71971 28.35478 9.426051 8.034237 6.406383
25.09275 -11.57963 27.00426 8.551161 8.557428 -6.398968
25.05902 -10.43608 25.82982 8.631884 8.482862 6.399662
24.96403 -9.29118 24.65631 8.689931 8.424818 6.400229
24.88017 -8.145035 23.45082 8.428602 8.604774 -6.400192
24.80665 -6.998045 22.28336 8.450716 8.578008 -6.399976
24.7944 -5.983303 21.26116 8.567984 8.478565 6.399704
24.73637 -4.834579 20.09616 8.564563 8.472164 6.399767
24.68389 -3.686001 18.93259 8.556618 8.47063 6.399968
24.63738 -2.536633 17.77029 8.538151 8.478759 6.400739
24.28494 -1.387383 16.66567 9.439386 26.23686 -6.331233
23.95362 -0.2416458 15.59695 10.62062 25.57572 -2.413264
23.75074 0.9079043 14.45887 11.13509 23.94411 -0.4196864
23.57388 2.053349 13.29589 11.47053 22.06304 -0.109995
23.40065 3.207385 12.14058 11.76886 20.15721 -0.03328684
23.2303 4.350907 10.98548 12.05787 18.24256 -0.01090367
23.06026 5.494738 9.825931 12.10002 16.31795 -0.01072544
22.84856 6.641231 8.672034 10.6487 14.45727 -3.790016
22.31988 7.608781 7.793259 9.145628 13.86494 -12.43947
21.52464 8.695398 6.888777 7.50207 13.88969 -13.99788
20.4135 9.713799 6.189507 6.110443 15.42463 -29.76136
19.01262 10.42715 6.301865 5.309928 27.71206 -35.98512
17.39639 11.13442 7.219376 4.926961 33.4568 -33.45642
15.90247 11.7344 9.068919 4.906302 32.43491 -25.30573
14.5705 12.22206 11.6069 4.990457 32.24348 -17.83886
13.29635 12.60153 15.41242 5.158281 15.95706 -15.97824
12.06792 12.86529 23.7507 5.525751 13.30184 -15.6423
10.87619 13.01808 26.19044 6.115027 11.43917 -12.97608
9.713975 13.07717 24.90285 6.702428 10.36277 -7.895195
8.563878 13.07291 23.7529 7.234055 9.683533 -6.586208
7.41808 13.01643 22.66329 7.860099 9.06759 -6.413579
6.293742 12.91126 21.62908 8.63888 8.455768 6.399927
5.135318 12.79865 20.41826 8.533743 8.51009 6.399392
3.983289 12.69959 19.24851 8.597516 8.447594 6.400007
2.830392 12.61369 18.05479 8.464984 8.538397 -6.400523
1.689404 12.52895 16.94035 8.860546 26.19046 -6.396992
0.5716773 12.40288 15.90273 9.745982 25.80803 -6.153515
-0.5499316 12.23091 14.86335 10.63497 25.08851 -2.331784
-1.692238 12.0376 13.73652 11.13337 23.42714 -0.4267486
-2.824976 11.84259 12.58315 11.50809 21.5041 -0.0964437
-3.9669 11.64528 11.42252 11.85945 19.53003 -0.0239894
-5.109511 11.44766 10.26553 12.20383 17.55397 -0.006480911
-6.251247 11.24954 9.108782 10.97336 15.59371 -1.212833
-7.316114 11.03074 8.110806 9.391483 14.73141 -11.80137
-8.274491 10.73414 7.345145 7.924047 15.0741 -13.23947
-9.119404 10.34694 6.76144 6.746571 16.41089 -16.82122
-9.603369 9.869882 6.893405 6.061127 24.89499 -29.0706
-9.761951 9.246731 8.108185 6.044121 25.39076 -25.24577
-9.916074 8.455141 9.650341 6.220126 24.38508 -17.18026
-10.12522 7.550064 11.07641 6.341111 23.63766 -12.65596
-10.33495 6.584994 12.51251 6.439302 22.94331 -10.40446
-10.52409 5.5647 14.127 6.550912 22.24713 -9.004955
-10.68329 4.514571 16.03405 6.68737 21.52727 -7.990332
-10.81019 3.444221 18.3477 6.853444 20.77642 -7.256027
-10.90225 2.350695 18.46722 7.05902 19.99079 -6.780785
-10.95358 1.241086 17.05386 7.321114 19.17118 -6.532853
-10.9587 0.1180978 15.70361 7.658892 18.32472 -6.448092
-10.91327 -1.014177 14.40345 8.092112 17.45572 -6.472711
-10.81257 -2.157109 13.1447 8.644271 16.56717 -6.616012
-10.65012 -3.301031 11.92407 9.350989 15.66839 -6.935892
-10.43575 -4.451198 10.73763 10.2297 14.74511 -5.905781
-10.31362 -5.608557 9.575079 10.80386 13.49573 -2.025414
-10.25499 -6.76785 8.416028 11.04668 11.98323 -1.037702
-10.06097 -7.92099 7.259747 10.00261 10.5454 -11.87727
-9.412775 -9.042446 6.193507 7.8301 9.937812 -14.66555
-8.412662 -10.1039 5.28553 6.011036 9.881169 -32.93195
-6.765184 -10.95366 5.062575 4.736552 12.2426 -38.41791
