15.018 21.23866 8.485281 0
15.018 21.23866 8.485281 0
15.018 21.23866 8.485281 0
15.018 21.23866 8.485281 0
15.018 21.23866 8.485281 0
15.018 21.23866 8.485281 0
15.018 21.23866 8.485281 0
15.018 21.23866 8.485281 0
14.36628 20.83381 8.819954 6.464993
13.25932 20.1329 9.528046 6.488059
12.18368 19.35119 10.35542 4.455342
11.06781 17.9521 10.9119 1.131827
9.922836 16.18591 11.25065 0.3591133
8.76865 14.34121 10.92282 1.547781
7.761801 13.52041 9.238774 12.47359
6.960351 13.68884 7.684678 13.83263
6.379797 14.94616 6.461459 21.74909
6.775833 25.68762 5.889798 31.83596
8.206999 25.56265 5.987235 25.61098
9.87831 24.62306 6.212725 16.64414
11.35546 23.90973 6.347242 12.24557
12.85031 23.23039 6.455449 10.11093
14.53563 22.54343 6.576018 8.772964
16.52815 21.83063 6.720371 7.809558
18.96225 21.0851 6.895093 7.128843
18.58626 20.30223 7.112958 6.706062
17.18256 19.48801 7.39153 6.499427
15.83979 18.64935 7.75 6.435493
14.5493 17.79175 8.205999 6.461257
13.29808 16.91392 8.783255 6.586325
12.08355 16.02309 9.514208 6.814017
10.90106 15.07167 10.3659 4.877347
9.741853 13.75864 10.83998 1.745699
8.582859 12.23204 11.05939 0.9612007
7.425616 10.71076 10.30008 9.143777
6.348333 10.04618 8.114976 14.49257
5.506266 9.704518 6.502274 21.95277
5.075952 12.59968 5.018986 38.32941
5.307856 30.87571 4.272593 38.14501
6.396915 31.96908 4.071049 36.08413
8.832519 31.45904 4.238777 26.42117
12.22865 31.64219 4.444463 17.16066
18.0026 15.03018 4.721947 15.98916
26.26048 13.02503 5.146496 15.92504
24.84495 11.20666 5.919083 14.38718
23.73238 10.09129 6.739759 7.707775
22.68634 9.407924 7.45365 6.474897
21.68928 8.767675 8.299358 6.401545
20.56323 8.495863 8.677046 -6.399534
19.33722 8.493128 8.627844 -6.399561
18.12313 8.518391 8.552523 -6.399929
16.9883 27.08916 8.835571 6.397454
15.98111 26.79849 9.815392 6.069328
14.95022 26.01741 10.74168 1.712535
13.81679 24.22546 11.25311 0.264555
12.66129 22.22708 11.6692 0.04921081
11.50239 20.1974 12.06947 0.009881392
10.34289 18.16228 12.24383 0.00541847
9.187481 16.16297 10.86267 1.777384
8.226807 15.46419 9.325094 11.61627
7.493124 15.97781 7.927201 13.00559
6.937418 17.62414 6.797519 16.0814
7.043187 26.56315 6.129499 27.42219
8.193558 49.39726 6.088162 24.26646
9.671062 48.45891 6.237298 16.87884
11.06375 31.07909 6.346951 12.60424
12.48312 22.15763 6.440604 10.40548
14.08194 17.9222 6.54955 9.021139
15.96247 15.38798 6.683386 8.013803
18.26146 13.64692 6.848171 7.273511
21.16113 12.33611 7.05156 6.792001
25.07469 11.24372 7.311275 6.535354
30.70791 10.26922 7.645012 6.433642
38.7377 9.354899 8.07196 6.405384
37.33023 8.485036 8.602508 -6.399641
36.14919 8.563675 8.530078 6.399189
34.9706 8.62785 8.468392 6.399804
33.7938 8.677286 8.417764 6.400298
32.57572 8.399764 8.617359 -6.400475
31.40562 8.415605 8.596977 -6.400319
30.23805 8.426162 8.58155 -6.400216
29.24739 8.545207 8.479266 6.399698
28.08217 8.510869 8.500794 6.399485
26.91739 8.488484 8.514187 -6.399607
25.75528 8.462845 8.531576 -6.399858
24.591 8.420461 8.564786 -6.400271
23.43354 8.373719 8.603591 -6.400737
22.289 8.605946 8.397824 6.400495
21.12939 8.543567 8.44873 6.399996
19.97112 8.484228 8.498968 -6.399649
18.80965 8.407339 8.567214 -6.400624
17.64678 24.60588 8.906242 6.393488
16.50377 24.0183 9.860661 5.996943
15.37375 23.08861 10.66961 2.113965
14.22438 21.5672 11.00997 0.6810943
13.06854 19.88552 11.21864 0.3091432
11.91065 18.15508 11.38747 0.164379
10.74958 16.40112 11.54019 0.09746553
9.592777 14.64483 11.68461 0.06347203
8.43373 12.88555 11.10135 0.8380966
7.335552 11.82508 9.240188 13.16666
6.362365 11.50325 7.388468 14.6907
5.637933 12.60662 5.830373 34.90093
5.727685 24.06737 4.869537 37.4537
6.600684 68.8613 4.508936 35.52464
8.576747 31.29777 4.549493 27.60391
11.40389 19.89433 4.69622 18.17582
15.62298 15.87376 4.897962 16.01818
25.45247 13.30154 5.302281 15.85682
61.5731 11.40924 5.969891 14.08025
60.27608 10.2631 6.680226 8.01672
59.22191 9.568086 7.301873 6.540726
58.30468 8.94499 8.017162 6.406887
57.28824 8.571807 8.510206 6.399391
56.08842 8.467443 8.62773 -6.399814
54.81224 8.514893 8.531287 -6.399343
53.62089 8.454836 8.591428 -6.399936
52.37986 8.53981 8.465358 6.399834
51.20284 8.502942 8.500425 6.399489
50.0258 8.476043 8.524236 -6.399729
48.85239 8.465914 8.529346 -6.399828
47.68684 8.464695 8.52524 -6.39984
46.51974 8.474058 8.510313 -6.399749
45.35462 8.491707 8.487463 6.399617
44.1914 8.521336 8.453036 6.399954
43.02585 8.55515 8.415859 6.400316
41.88494 8.441436 8.537141 -6.400066
40.72474 8.480033 8.49401 -6.39969
39.56654 8.529604 8.441278 6.400068
38.41798 8.429605 8.546366 -6.400182
37.26015 8.480242 8.491961 -6.399688
36.10398 8.543237 8.426928 6.400208
34.95033 8.448026 8.525038 -6.400002
33.79336 8.507636 8.463034 6.399857
32.64296 8.559516 8.410819 6.400366
31.48997 8.474527 8.496738 -6.399744
30.33704 8.542969 8.427414 6.400203
29.185 8.455392 8.516225 -6.399931
28.02544 8.524627 8.445817 6.400024
27.04215 8.516032 8.454442 6.39994
25.8781 8.415584 8.557047 -6.400319
24.72187 8.481382 8.489291 -6.399677
23.57026 8.559331 8.411736 6.400357
22.41313 8.478205 8.492506 -6.399708
21.2587 8.559951 8.411143 6.400362
20.11058 8.47956 8.491135 -6.399695
18.95687 8.406868 8.565834 -6.400584
17.80322 25.23988 8.482841 6.400651
16.67767 24.71146 9.101001 6.38689
15.58968 24.18712 9.870234 5.993099
14.51931 23.34811 10.60948 2.500307
13.38875 21.78039 11.03229 0.6352333
12.23614 19.96903 11.33506 0.1997626
11.07979 18.101 11.60629 0.07134538
9.921011 16.21425 11.86792 0.02793957
8.924278 14.59446 11.11742 0.7237012
7.883197 13.55596 9.467225 12.1648
7.064359 13.65136 7.87792 13.65653
6.434897 14.60077 6.610137 19.00935
6.651175 22.87985 5.919983 31.81281
7.97915 49.41493 5.956252 26.90025
9.659041 48.47817 6.187994 17.59973
11.15787 29.88172 6.332131 12.65524
12.63584 21.55726 6.440381 10.3392
14.28964 17.55064 6.558352 8.92907
16.22567 15.13626 6.698514 7.926629
18.60954 13.45414 6.870038 7.203081
21.60846 12.18495 7.079703 6.749893
25.7006 11.11246 7.348389 6.51605
31.6555 10.1476 7.693778 6.427413
38.67811 9.241774 8.132895 6.404045
37.33948 8.687284 8.459092 6.399895
36.09773 8.446984 8.612273 -6.400012
34.91912 8.49748 8.561728 -6.399518
33.73734 8.53243 8.523291 6.399259
32.56729 8.553051 8.496655 6.399526
31.39728 8.573666 8.470914 6.399779
30.22743 8.591416 8.448058 6.400002
29.06101 8.585616 8.444712 6.400035
27.89455 8.568801 8.451488 6.399969
26.86553 8.386353 8.600101 -6.400609
25.72685 8.622253 8.3967 6.400506
24.56288 8.56558 8.439368 6.400087
23.40274 8.537294 8.459635 6.399889
22.23613 8.479959 8.506676 -6.399691
21.08274 8.419601 8.558499 -6.40028
19.93716 8.618503 8.379782 6.400675
18.77281 8.527273 8.458054 6.400141
17.61467 24.43841 8.783995 6.396837
16.46201 23.84273 9.727388 6.166018
15.33368 22.99146 10.60004 2.547407
14.18604 21.51022 10.97859 0.7660772
13.02968 19.83529 11.19739 0.3369322
11.87291 18.10828 11.37058 0.1766059
10.70951 16.35084 11.52642 0.1036987
9.553292 14.59476 11.67289 0.06710326
8.396162 12.83923 11.04369 1.05303
7.304012 11.82546 9.169421 13.23164
6.334121 11.51569 7.329709 14.78071
5.632958 12.78992 5.784561 35.34188
5.751429 23.3609 4.848848 37.41679
6.65814 20.78312 4.508713 35.35988
8.671649 19.47132 4.558114 27.15991
11.52414 18.78768 4.704523 17.98929
15.03206 18.3314 4.871759 16.06381
15.04759 17.97991 5.254446 15.96816
13.61904 17.87541 5.90138 14.80875
12.41697 17.63346 6.648539 8.717307
11.30048 16.94985 7.318223 7.495168
10.23367 16.26245 8.182622 8.357172
9.245984 15.77785 9.43328 9.718239
8.330076 15.47083 9.511656 11.32931
7.577219 15.89663 8.081872 12.85807
6.996373 17.32163 6.92502 15.11327
6.967546 24.3813 6.174498 26.74198
8.020055 39.21686 6.074747 25.12964
9.494895 38.15927 6.220967 17.63006
10.89347 32.96473 6.335342 12.98116
12.29979 22.89812 6.4286 10.61777
13.86799 18.33101 6.534657 9.169439
15.70919 15.64889 6.665233 8.123626
17.94062 13.83908 6.825307 7.353125
32.96456 12.48455 7.023559 6.838688
31.35387 11.37224 7.275158 6.557164
29.84361 10.38467 7.599466 6.440719
28.42102 9.468354 8.012181 6.40704
27.06723 8.591824 8.530112 6.399189
25.8913 8.667093 8.459064 6.399895
24.67892 8.419312 8.623396 -6.400282
23.50588 8.453184 8.586382 -6.399952
22.34194 8.48033 8.555316 -6.399687
21.17629 8.496552 8.533556 -6.399528
20.01198 8.50067 8.522175 -6.399487
18.84826 8.487763 8.525634 -6.399826
17.6876 8.476495 8.529058 -6.400892
16.60845 9.699609 26.4158 -6.190526
15.52785 10.76464 25.57075 -1.589545
14.38311 11.20971 23.84716 -0.3124703
13.22397 11.53329 21.95897 -0.08499493
12.06786 11.82982 20.04792 -0.02590548
10.90844 12.11998 18.12427 -0.008475511
9.748835 12.00043 16.1984 -0.01649393
8.592878 10.53265 14.36021 -5.130759
7.59434 8.771522 13.84771 -12.81102
6.714592 7.189027 13.98267 -14.57499
6.154652 5.864461 16.87451 -33.62063
6.422437 5.193331 35.46154 -35.8135
7.535474 4.903834 33.10286 -32.23573
9.553827 4.92297 32.33705 -23.24764
12.23642 5.016077 19.0368 -17.11111
16.61462 5.218081 15.31203 -15.91183
26.74991 5.632123 12.86051 -15.45232
25.88322 6.248314 11.15356 -11.71895
24.63825 6.810621 10.20837 -7.406424
23.50025 7.35396 9.553858 -6.513398
22.4222 8.008111 8.94059 -6.407167
21.3553 8.621543 8.462796 6.399859
20.14833 8.518023 8.518523 -6.399312
18.97931 8.574027 8.462247 6.400038
17.78861 8.441671 8.555543 -6.401073
16.69864 9.021035 26.06119 -6.391893
15.66786 9.937987 25.67121 -5.863595
14.60369 10.76151 24.74414 -1.614132
13.47485 11.21191 22.99732 -0.3142425
12.3208 11.57836 21.05975 -0.07294097
11.15621 11.9291 19.07613 -0.01837475
9.99909 12.0552 17.09915 -0.01258898
8.853573 10.64324 15.20284 -3.727688
7.926291 9.038873 14.75203 -12.22095
7.194844 7.633199 15.25493 -13.51793
6.686412 6.528954 17.14041 -19.97099
7.094961 6.012653 26.68292 -29.27456
8.457298 6.083748 25.12304 -23.31661
9.984811 6.252757 24.21012 -15.82729
11.39324 6.363467 23.48485 -12.02049
12.85752 6.462722 22.79307 -10.03981
14.52334 6.579019 22.09526 -8.751854
16.50532 6.721314 21.37034 -7.805032
18.92565 6.894522 20.61405 -7.130472
18.36163 7.076972 19.93524 -6.754241
16.95313 7.344318 19.11316 -6.521357
15.60464 7.689486 18.26341 -6.446296
14.31091 8.130026 17.39495 -6.47845
13.22475 8.607168 16.62797 -6.601841
12.00916 9.298302 15.73498 -6.909348
10.8204 10.17113 14.81794 -6.174806
9.655967 10.7811 13.5963 -2.151071
8.498043 11.03396 12.09395 -1.074403
7.339252 10.1576 10.61083 -10.68966
6.270848 7.979867 9.979396 -14.57652
5.332433 6.134284 9.785543 -30.50787
5.059494 4.80092 12.48436 -38.41133
