0 0 15.018 21.23866 8.485281 0
0 0 15.018 21.23866 8.485281 0
0 0 15.018 21.23866 8.485281 0
0 0 15.018 21.23866 8.485281 0
0.1609235 -3.378413E-08 15.018 21.23866 8.485281 6.435263
1.306936 -0.02845812 13.89034 20.53459 9.101074 6.493328
2.441035 -0.1073492 12.80036 19.83092 9.877698 6.235603
3.573587 -0.2321618 11.71742 18.84288 10.63974 2.534585
4.712551 -0.3783021 10.58391 17.22209 11.06711 0.6728461
5.860089 -0.5310577 9.430471 15.399 11.37594 0.2343707
6.99004 -0.6883674 8.299221 13.73838 10.2444 8.619186
8.011318 -0.8982343 7.402661 13.52359 8.539977 13.12689
8.943889 -1.202476 6.67174 13.96485 7.124413 14.77704
9.551585 -1.539489 6.353342 16.24498 6.209785 27.36864
9.796974 -2.040322 7.108155 26.68105 5.871611 31.03185
9.87955 -2.727225 8.70582 25.24115 6.059949 22.67883
10.03983 -3.574602 10.31706 24.4087 6.258456 14.9804
10.2454 -4.512818 11.77269 23.7145 6.378394 11.49812
10.44228 -5.505948 13.30788 23.03583 6.487944 9.676052
10.61393 -6.537977 15.06988 22.34281 6.614659 8.465639
10.75599 -7.599502 17.16833 21.62222 6.766641 7.588274
10.86516 -8.683906 19.63499 20.86466 6.952464 6.982084
10.93652 -9.786296 18.1776 20.07239 7.185678 6.627763
10.96436 -10.9091 16.79417 19.25142 7.484861 6.469851
10.94374 -12.0336 15.46736 18.40717 7.869262 6.434595
10.87127 -13.17217 14.18711 17.54242 8.35794 6.484828
10.74342 -14.31244 12.94681 16.66012 8.975212 6.647649
10.55415 -15.46405 11.74226 15.76561 9.756308 6.78148
10.37274 -16.61475 10.56995 14.73923 10.5526 3.547037
10.29296 -17.77746 9.408948 13.33123 10.9155 1.420068
10.24315 -18.93303 8.251125 11.78062 11.10659 0.8459411
9.965448 -20.0882 7.105683 10.46541 9.664373 13.1777
9.294662 -21.19995 6.053762 9.897311 7.543101 14.87195
8.176236 -22.22848 5.217554 10.23349 5.769315 36.03469
6.504273 -23.06422 5.095053 16.35564 4.620538 38.39338
4.816218 -23.79021 5.643571 33.03526 4.127404 37.65129
3.230142 -24.38437 7.260931 31.57267 4.114148 33.36488
1.830615 -24.85895 10.19132 31.52207 4.332715 21.01086
0.5531451 -25.22198 14.16867 16.70883 4.541552 16.20756
-0.6717888 -25.46846 22.75048 13.96493 4.909005 15.97222
-1.853515 -25.59908 25.40231 11.92246 5.551635 15.60292
-2.992071 -25.61706 24.19383 10.47028 6.418774 10.02698
-4.129087 -25.55472 23.12877 9.687234 7.139735 6.674141
-5.244151 -25.43987 22.10983 9.041257 7.915403 6.410721
-6.371564 -25.27698 21.08485 8.5208 8.663422 -6.399284
-7.52837 -25.11932 19.85285 8.510809 8.620483 -6.399385
-8.686265 -24.98308 18.63574 8.526812 8.554522 -6.399513
-9.837173 -24.86396 17.43001 27.21045 8.467496 6.401497
-10.951 -24.72783 16.40636 26.90747 9.36459 6.352855
-12.05532 -24.54359 15.40604 26.50578 10.39789 3.88981
-13.1831 -24.32934 14.30541 25.03899 11.05394 0.5759018
-14.31981 -24.109 13.15656 23.08904 11.49104 0.1014339
-15.30244 -23.91791 12.16403 21.35688 11.83808 0.02488702
-16.43345 -23.69781 11.00327 19.32123 12.23694 0.005133771
-17.57164 -23.47624 9.845313 17.28926 11.65448 0.06900113
-18.6827 -23.25136 8.726995 15.56994 10.22243 8.20714
-19.54656 -23.01919 8.001727 15.5347 8.899452 12.09764
-20.45488 -22.67382 7.312069 16.28304 7.576078 13.36188
-21.23392 -22.23437 6.853142 18.69977 6.540944 19.47392
-21.61168 -21.70406 7.292058 34.289 6.068888 27.76698
-21.7708 -21.02022 8.615932 49.03345 6.129771 22.02437
-21.95812 -20.18868 10.07768 48.31237 6.273148 15.3268
-22.17615 -19.26483 11.4597 27.62467 6.373483 11.83903
-22.38375 -18.28301 12.91709 20.67446 6.469522 9.955922
-22.56524 -17.25993 14.58527 17.08143 6.585 8.703222
-22.71715 -16.2022 16.57793 14.82392 6.727597 7.773123
-22.8358 -15.12674 19.01063 13.24266 6.901375 7.111079
-22.91831 -14.02874 22.15499 12.00663 7.119383 6.697846
-22.9587 -12.91574 26.46513 10.95632 7.398301 6.494314
-22.95217 -11.79042 32.81107 10.00307 7.75684 6.421022
-22.89602 -10.65539 38.3253 9.10086 8.213396 6.402673
-22.8672 -9.511623 37.00198 8.554291 8.548687 6.398994
-22.96737 -8.368987 35.81937 8.620721 8.48482 6.399643
-23.06119 -7.223675 34.63845 8.681786 8.425092 6.400226
-23.14164 -6.077204 33.41936 8.418931 8.608792 -6.400286
-23.21548 -4.930044 32.24767 8.446119 8.578403 -6.400021
-23.2798 -3.78204 31.07753 8.457332 8.561415 -6.399912
-23.33908 -2.631962 29.90988 8.463791 8.549067 -6.399849
-23.39149 -1.483702 28.74408 8.462572 8.543864 -6.399861
-23.43661 -0.3347465 27.57723 8.451035 8.548192 -6.399973
-23.47091 0.8167718 26.41338 8.410069 8.578799 -6.400373
-23.50639 1.965711 25.2547 8.38767 8.594985 -6.400596
-23.53324 3.116355 24.11157 8.622711 8.389962 6.400573
-23.55333 4.267292 22.94958 8.563852 8.435902 6.40012
-23.59756 5.261541 21.9611 8.62639 8.379079 6.400682
-23.61166 6.405272 20.80114 8.559438 8.433861 6.40014
-23.69536 7.559464 19.64252 8.487155 8.495647 -6.39962
-23.69978 8.708364 18.48332 8.414208 8.560494 -6.400697
-23.46263 9.869115 17.32031 24.46026 9.172585 6.377844
-23.1962 11.01353 16.1845 23.84391 10.15398 5.194533
-23.02105 12.16979 15.04514 22.6928 10.80011 1.421382
-22.91134 13.32675 13.89314 21.09798 11.07993 0.5240857
-22.81587 14.48353 12.73957 19.40062 11.27201 0.2522033
-22.72512 15.64019 11.57896 17.65851 11.43504 0.138496
-22.63611 16.79916 10.42215 15.90738 11.5845 0.08461314
-22.54832 17.95329 9.263244 14.14591 11.72795 0.05608387
-22.41705 19.11319 8.106503 12.42426 10.64209 4.233088
-21.819 20.23603 7.049581 11.71067 8.67925 13.64464
-21.14328 21.18736 6.232854 11.48629 7.151221 15.19041
-19.85011 22.16387 5.606658 13.33247 5.642281 36.36766
-18.16838 22.96453 5.801377 28.78037 4.784091 37.33949
-16.53436 23.64251 6.817148 68.67322 4.495785 34.88044
-15.04821 24.20164 8.9619 28.3102 4.572115 25.82061
-13.71998 24.6528 11.88885 19.11444 4.718983 17.50572
-12.45723 24.99096 16.53991 15.43849 4.942549 15.98222
-11.24546 25.21177 28.11757 12.98248 5.385043 15.79856
-10.07077 25.31972 61.34938 11.18863 6.083268 13.24534
-8.923969 25.33195 60.11234 10.14846 6.771209 7.565604
-7.785169 25.28253 59.08545 9.479472 7.394007 6.496014
-6.657414 25.18202 58.17852 8.853103 8.136615 6.403973
-5.513884 25.04206 57.16539 8.485 8.63514 -6.399642
-4.356101 24.91369 55.87572 8.507218 8.564787 -6.399421
-3.207775 24.80289 54.6007 8.565432 8.460006 6.399886
-2.051615 24.70312 53.4212 8.49857 8.530259 -6.399507
-0.8994294 24.61556 52.23988 8.442415 8.587605 -6.400057
0.2539682 24.54069 51.00858 8.550578 8.441262 6.400068
1.416587 24.47463 49.84156 8.531322 8.457497 6.39991
2.56443 24.41551 48.67389 8.511309 8.475337 6.399736
3.714634 24.36476 47.50206 8.509512 8.473101 6.399758
4.868675 24.31905 46.33455 8.525483 8.452003 6.399964
6.022638 24.27941 45.17566 8.553265 8.419665 6.400279
7.176435 24.245 44.03215 8.432563 8.550821 -6.400153
8.33015 24.21388 42.8674 8.466773 8.510674 -6.39982
9.491138 24.1879 41.70598 8.511539 8.461215 6.399874
10.63605 24.16529 40.54832 8.545425 8.425106 6.400226
11.78978 24.14552 39.40166 8.44935 8.525963 -6.39999
12.94398 24.12693 38.24346 8.493704 8.478257 6.399708
14.09735 24.11318 37.08746 8.552732 8.417291 6.400302
15.24952 24.10037 35.93555 8.454838 8.518252 -6.399936
16.40231 24.0882 34.7807 8.513271 8.45737 6.399911
17.55587 24.07536 33.63059 8.425111 8.548667 -6.400226
18.70922 24.06396 32.47472 8.481072 8.490051 -6.39968
19.86496 24.05872 31.32041 8.540324 8.430034 6.400177
21.01562 24.05189 30.16076 8.448273 8.523632 -6.4
22.17506 24.04548 29.01283 8.516993 8.453462 6.39995
23.32204 24.038 27.86222 8.425093 8.547315 -6.400226
24.47505 24.03175 26.70759 8.498398 8.472153 6.399767
25.62845 24.02468 25.55296 8.409577 8.563038 -6.400378
26.78861 24.02065 24.39845 8.482693 8.487936 -6.399664
27.9349 24.01986 23.24662 8.560452 8.410794 6.400366
29.0903 24.01833 22.09465 8.486194 8.4844 6.399647
30.24135 24.01782 20.94159 8.558565 8.412681 6.400348
31.39457 24.01807 19.7827 8.47725 8.493418 -6.399717
32.54907 24.01858 18.63504 8.548773 8.422242 6.400545
33.70205 24.01364 17.48497 25.12485 8.667082 6.399118
34.84063 23.96711 16.36872 24.60277 9.334114 6.359627
35.96999 23.87163 15.30078 24.05737 10.12952 5.306476
37.10596 23.73735 14.20655 22.96169 10.77032 1.576327
38.25181 23.58853 13.06714 21.27862 11.13365 0.4331134
39.2422 23.45695 12.07812 19.7081 11.38205 0.1663231
40.38492 23.30398 10.91901 17.83252 11.65049 0.06040152
41.53707 23.14928 9.760216 15.9453 11.91038 0.0240093
42.67832 22.99456 8.604335 14.10112 10.70158 3.299726
43.72989 22.80691 7.639846 13.51709 8.998492 12.72056
44.68952 22.53002 6.862583 13.76952 7.49335 14.0368
45.47889 22.15659 6.35475 15.49065 6.32955 24.66047
45.78061 21.67381 6.931355 29.56318 5.875256 31.54522
45.8644 21.01863 8.450529 49.03503 6.023049 24.17666
46.01272 20.18533 10.09485 48.34045 6.236221 15.77777
46.21538 19.26211 11.56158 26.74207 6.362897 11.85615
46.41524 18.27501 13.07457 20.18881 6.471403 9.888859
46.59084 17.24843 14.798 16.76613 6.595004 8.616552
46.73733 16.19091 16.83766 14.61269 6.742785 7.698086
46.85154 15.1095 19.35638 13.07665 6.923013 7.053511
46.92874 14.00947 22.62095 11.86931 7.148272 6.664752
46.96325 12.89452 27.13238 10.83432 7.436538 6.480434
46.95015 11.75973 33.84674 9.888559 7.806939 6.417013
46.88776 10.63179 38.27183 8.99547 8.274602 6.401843
46.92645 9.489088 36.95019 8.442286 8.626079 -6.400058
47.02492 8.344751 35.76949 8.504632 8.566158 -6.399447
47.04455 7.19452 34.58911 8.565997 8.507165 6.399422
47.12365 6.046884 33.4173 8.601493 8.46809 6.399807
47.19314 4.905503 32.23955 8.608942 8.450854 6.399975
47.252 3.75738 31.0674 8.60222 8.445973 6.400023
47.3063 2.607672 29.89623 8.595214 8.442731 6.400054
47.38091 1.614517 28.87457 8.417044 8.58156 -6.400305
47.42693 0.473878 27.71651 8.416286 8.577569 -6.400312
47.46643 -0.6830654 26.55345 8.388716 8.597226 -6.400585
47.50274 -1.826483 25.41146 8.653755 8.36923 6.400783
47.5589 -2.819202 24.40576 8.45706 8.532081 -6.399915
47.58348 -3.964348 23.24624 8.420094 8.561773 -6.400275
47.60205 -5.114741 22.10125 8.639035 8.368292 6.400793
47.61799 -6.266093 20.93831 8.5833 8.41307 6.400344
47.63084 -7.417554 19.78348 8.527051 8.460044 6.399886
47.70758 -8.569209 18.62566 8.444103 8.533143 -6.400335
47.55914 -9.721155 17.46398 24.32085 8.858598 6.395328
47.29417 -10.87471 16.31521 23.71982 9.813593 6.067987
47.07471 -12.02921 15.18552 22.80979 10.64793 2.247044
46.95196 -13.19269 14.03666 21.29699 11.00119 0.7056458
46.85336 -14.34253 12.87847 19.61193 11.21436 0.3164231
46.76028 -15.50474 11.72309 17.88411 11.38529 0.1680389
46.67062 -16.65565 10.5639 16.13163 11.53984 0.09992594
46.58142 -17.81451 9.40526 14.37108 11.68641 0.06506567
46.47195 -18.9684 8.24418 12.62058 10.83363 2.305713
45.9249 -20.0998 7.172939 11.77255 8.911371 13.45886
45.14549 -21.20732 6.216138 11.50155 7.1143 15.30358
43.84184 -22.17614 5.608918 13.45783 5.623336 36.46125
42.16542 -22.97217 5.817966 22.95137 4.777618 37.31025
40.52395 -23.65195 6.853235 20.55517 4.498597 34.76643
39.04452 -24.20797 9.008741 19.36886 4.577859 25.60838
37.89669 -24.60165 11.48242 18.80018 4.702951 18.05231
36.64219 -24.9504 15.79659 18.27574 4.909309 16.0085
35.41762 -25.18733 14.86086 17.95978 5.319301 15.95089
34.23938 -25.30824 13.45611 17.87671 6.004205 14.20843
33.09136 -25.32791 12.27378 17.56382 6.733557 8.280962
31.94754 -25.2793 11.16347 16.8607 7.414384 7.544969
30.84007 -25.1724 10.10534 16.19049 8.317154 8.517278
29.76839 -25.00074 9.128337 15.74036 9.632908 9.777822
28.73602 -24.75709 8.229361 15.48382 9.322609 11.61243
27.79586 -24.43397 7.495442 16.00393 7.924447 13.0021
26.96078 -24.01972 6.941295 17.66088 6.797323 16.0771
26.45819 -23.51946 7.048528 26.65157 6.13052 27.38802
26.27274 -22.8821 8.198942 39.0338 6.089517 24.22521
26.12779 -22.20314 9.474132 38.16892 6.218994 17.72188
25.91768 -21.31897 10.87018 33.24605 6.333722 13.03541
25.70124 -20.35383 12.27493 23.00466 6.426971 10.64784
25.50851 -19.35025 13.83942 18.38829 6.532675 9.189919
25.34429 -18.31031 15.6751 15.68545 6.662792 8.138922
25.22732 -17.38945 17.55128 14.09027 6.797467 7.458947
25.12394 -16.30708 20.26495 12.6763 6.989502 6.902616
25.05889 -15.203 31.60266 11.53931 7.230614 6.588865
25.03817 -14.08432 30.07396 10.53424 7.542993 6.451576
25.06589 -12.95269 28.64236 9.611517 7.93962 6.40966
25.14364 -11.81532 27.2782 8.729712 8.439756 6.400083
25.03578 -10.6727 26.05573 8.495446 8.583328 -6.399539
25.01338 -9.528014 24.88209 8.55246 8.527054 6.39922
24.92778 -8.382087 23.71196 8.596463 8.481022 6.399681
24.84812 -7.235365 22.54334 8.63306 8.440918 6.400072
24.77709 -6.08656 21.37626 8.65662 8.411395 6.40036
24.71558 -4.939616 20.21025 8.66299 8.396069 6.400512
24.66461 -3.790736 19.04214 8.644067 8.401634 6.400456
24.62085 -2.641266 17.87597 8.615664 8.416482 6.401199
24.34641 -1.492366 16.75738 9.21006 26.13697 -6.376018
23.99512 -0.3459298 15.69064 10.45792 25.59163 -3.491023
23.77887 0.80678 14.56135 11.06457 24.08232 -0.5514563
23.60101 1.949336 13.40698 11.41081 22.23133 -0.140304
23.42879 3.096559 12.24801 11.71272 20.32401 -0.04183614
23.25824 4.243745 11.08962 12.00265 18.40582 -0.01359281
23.11148 5.233635 10.09447 12.2488 16.75526 -0.005505213
22.93121 6.374141 8.9343 10.99817 14.84426 -1.140528
22.40285 7.502819 7.87842 9.309032 13.87306 -12.24986
21.61715 8.598211 6.965214 7.64218 13.85295 -13.83808
20.56194 9.631395 6.219833 6.222319 15.00155 -27.33192
18.94957 10.46372 6.320755 5.281112 29.08061 -35.97718
17.32594 11.17033 7.279281 4.918297 33.39089 -33.23592
15.85326 11.75971 9.174444 4.907814 32.42691 -24.83911
14.52054 12.24429 11.73752 4.993978 32.2559 -17.66195
13.25334 12.61698 15.66561 5.169332 15.8074 -15.95991
12.02161 12.87655 24.34285 5.546324 13.20526 -15.61132
10.83191 13.02408 26.13736 6.143742 11.37302 -12.72088
9.669086 13.07942 24.85484 6.728698 10.32352 -7.761146
8.52097 13.07236 23.7114 7.261413 9.653053 -6.566343
7.383432 13.01384 22.62474 7.894215 9.037807 -6.41174
6.250258 12.90746 21.55317 8.492565 8.557084 -6.399567
5.093433 12.79626 20.38235 8.578522 8.477142 6.399719
3.93983 12.69788 19.18415 8.463816 8.549025 -6.399849
2.783322 12.61076 18.01889 8.510213 8.50203 6.400195
1.646065 12.5265 16.90345 8.908038 26.21834 -6.395684
0.5262892 12.39661 15.86858 9.804591 25.83877 -6.085367
-0.5878743 12.22339 14.82093 10.67756 25.05996 -2.073372
-1.72677 12.02994 13.69383 11.15914 23.36827 -0.3858684
-2.873119 11.83218 12.54038 11.53147 21.43968 -0.08770131
-4.009292 11.63551 11.38258 11.88198 19.46876 -0.02190802
-5.151841 11.43758 10.22321 12.22756 17.48773 -0.005903006
-6.293166 11.23903 9.067168 10.91839 15.53226 -1.492405
-7.348397 11.01896 8.081499 9.331738 14.74215 -11.87928
-8.300959 10.71999 7.320198 7.87209 15.11437 -13.2831
-9.143332 10.32791 6.748987 6.71036 16.52313 -17.22954
-9.611875 9.845277 6.924776 6.051616 25.65416 -29.14583
-9.766039 9.215425 8.162149 6.050391 25.34155 -24.9467
-9.922875 8.419008 9.704909 6.225852 24.3507 -16.94362
-10.13239 7.513545 11.12752 6.344867 23.60701 -12.54539
-10.34234 6.543233 12.568 6.443098 22.91281 -10.34219
-10.5054 5.669424 13.94446 6.538071 22.3163 -9.130701
-10.66661 4.631077 15.80091 6.670602 21.6046 -8.09005
-10.79792 3.557381 18.0672 6.833438 20.85535 -7.324069
-10.89379 2.469696 18.6227 7.033872 20.07365 -6.821223
-10.95 1.361717 17.20438 7.288173 19.25908 -6.551299
-10.96057 0.2405453 15.84787 7.616437 18.41523 -6.45168
-10.92078 -0.8956535 14.54253 8.037902 17.54843 -6.465191
-10.82703 -2.031111 13.28003 8.57497 16.66208 -6.592618
-10.67173 -3.176784 12.05483 9.262225 15.76338 -6.89629
-10.45831 -4.326345 10.8645 10.1307 14.84973 -6.341975
-10.32214 -5.483054 9.695621 10.76658 13.64331 -2.238091
-10.26041 -6.642759 8.541357 11.02579 12.15151 -1.100146
-10.11586 -7.799171 7.38498 10.24416 10.65166 -9.807524
-9.489466 -8.921955 6.308605 8.054336 9.998458 -14.53492
-8.57515 -9.999368 5.358987 6.199845 9.746463 -29.02432
-6.941974 -10.86882 5.058359 4.836344 12.61721 -38.40582
