0 0 19.018 8.485282 8.485281 0
0 0 19.018 8.485282 8.485281 0
0 0 19.018 8.485282 8.485281 0
0.001392632 0.6667744 18.51937 8.612898 8.35951 6.401228
0.1146943 1.824224 17.36098 24.86779 8.757384 6.397933
0.4153279 2.987276 16.23063 39.52888 9.804012 6.081525
0.659122 4.143885 15.10509 38.03939 10.7036 1.919138
0.7850405 5.140889 14.11718 22.02199 11.03501 0.6204636
0.8931113 6.136401 13.12134 20.52754 11.25393 0.2678565
0.9957792 7.132762 12.12427 18.99258 11.43764 0.1319959
1.096191 8.128692 11.12241 17.43488 11.60768 0.07062332
1.212218 9.291572 9.956067 15.61302 11.7974 0.03732108
1.330156 10.45265 8.788552 13.78735 11.31412 0.3376093
1.641129 11.43966 7.820503 12.60252 9.853682 11.66157
2.254281 12.40611 6.968224 12.29322 8.223269 13.76627
3.137091 13.48661 6.073367 12.34359 6.585825 19.85132
4.437685 14.26759 5.780549 25.8287 5.465929 36.75949
5.879539 14.93579 6.106724 22.69828 4.853814 36.7186
7.277165 15.51569 7.07732 20.74781 4.638026 34.01018
8.540837 16.01449 22.23088 19.68065 4.680182 15.98935
9.648677 16.46275 19.78504 18.92191 4.579199 15.99303
10.74754 16.8307 17.74283 18.31225 4.611166 15.99473
11.82869 17.11547 16.01984 15.7163 4.792514 16.01059
12.85142 17.32603 14.68671 14.29753 26.08506 0
13.83136 17.52569 13.68602 14.65965 24.30773 0
14.97435 17.75858 12.51906 14.70786 22.23509 0
15.95455 17.9583 11.51833 13.53217 20.4577 0
16.93542 18.15815 10.51747 12.3563 18.6801 -0.003299057
18.07672 18.39144 9.356048 10.98356 16.63622 -1.118228
18.99118 18.60341 8.486077 9.689529 15.76124 -10.85494
19.95497 18.91752 7.71865 8.242818 16.15443 -12.61452
20.82188 19.32082 7.119742 7.063176 17.52749 -14.34396
21.38147 19.73722 6.930826 6.327393 21.73733 -23.57311
21.63099 20.23145 7.558111 6.077908 28.32005 -26.74314
21.771 20.84341 8.733078 6.152143 27.15102 -21.24598
21.93691 21.56126 9.97628 6.269368 26.39781 -15.62286
22.12605 22.34938 11.16113 6.355966 25.78824 -12.37407
22.31075 23.1838 12.37881 6.435011 22.5752 -10.51204
22.478 24.05228 13.72499 6.525446 18.62558 -9.267866
22.6239 24.94867 15.26772 6.634084 16.15227 -8.329233
22.76461 26.0185 17.41282 6.787878 14.18467 -7.497808
22.85841 26.95552 19.67384 6.948412 12.92801 -6.991458
22.93185 28.06393 19.97714 7.180486 11.7409 -6.632057
22.96002 29.02589 18.76177 7.43137 10.8547 -6.482428
22.9529 29.99816 17.59077 7.743592 10.03367 -6.423574
22.90875 30.97651 16.46005 8.127089 9.253758 -6.41048
22.90094 31.96058 15.36563 8.591178 8.50166 6.423637
22.95155 32.94675 14.36834 8.430999 8.708495 -6.470345
22.99074 33.93538 13.35087 8.507853 8.579177 -6.581619
23.07405 35.086 12.18131 8.466809 8.615766 -6.883577
23.17286 36.07388 11.16769 8.58895 8.440922 7.439326
23.17127 37.06082 10.17763 8.477684 8.574094 -8.422481
